[   1   19   18  280 3373  248    3  523  559   26  293   18   62 6629
   16   49    6   39 3766   14 1433 1767    2   74  671 1275   22 2591
  386  208  249  681  149  124   12  180  245    6  802   48    9  468
   39  240    3   28    5 1241  245    6 2034  910    2 1245 5550 3335
    4  117  449    6    2   14    2   15 1462   28   86    2 1975    6
 2009  298    2 1301  843  191    2    4    2  603    2 1099  248    7
  724   30 5803    4 1291 1466    2 2744    4 2513 1975    6  335 1970
   58   27    6    2  417  213  788   27  228    2  225   53   14    2
   19   51    5    2    2  212    3  165  171 1252 1767   14    6 2562
  117  722  142 1292  293    4   56 4079    6  226    0    0    0    0
    0    0    0    0    0    0    0    0    0    0    0    0    0    0
    0    0    0    0    0    0    0    0    0    0    0    0    0    0
    0    0    0    0    0    0    0    0    0    0    0    0    0    0
    0    0    0    0    0    0    0    0    0    0    0    0    0    0
    0    0    0    0    0    0    0    0    0    0    0    0    0    0
    0    0    0    0    0    0    0    0    0    0    0    0    0    0
    0    0    0    0    0    0    0    0    0    0    0    0    0    0
    0    0    0    0    0    0    0    0    0    0    0    0]